 &plot nbnd=  12, nks=   201 /
            0.500000  0.500000  0.500000
   -3.256   -0.605    5.253    5.253    8.046    9.785    9.785   14.194   17.084   17.084
   17.912   17.912
            0.490000  0.490000  0.490000
   -3.262   -0.596    5.254    5.254    8.047    9.786    9.786   14.196   17.033   17.033
   17.941   17.965
            0.480000  0.480000  0.480000
   -3.280   -0.571    5.256    5.256    8.049    9.789    9.789   14.200   16.909   16.909
   17.878   18.099
            0.470000  0.470000  0.470000
   -3.309   -0.530    5.259    5.259    8.053    9.793    9.793   14.206   16.749   16.749
   17.782   18.274
            0.460000  0.460000  0.460000
   -3.347   -0.474    5.264    5.264    8.059    9.799    9.799   14.216   16.574   16.574
   17.660   18.470
            0.450000  0.450000  0.450000
   -3.395   -0.403    5.271    5.271    8.066    9.807    9.807   14.228   16.393   16.393
   17.521   18.678
            0.440000  0.440000  0.440000
   -3.450   -0.321    5.279    5.279    8.075    9.816    9.816   14.242   16.217   16.217
   17.370   18.895
            0.430000  0.430000  0.430000
   -3.511   -0.227    5.288    5.288    8.086    9.827    9.827   14.258   16.036   16.036
   17.211   19.116
            0.420000  0.420000  0.420000
   -3.577   -0.123    5.299    5.299    8.098    9.839    9.839   14.276   15.856   15.856
   17.046   19.340
            0.410000  0.410000  0.410000
   -3.648   -0.010    5.312    5.312    8.112    9.852    9.852   14.295   15.681   15.681
   16.879   19.570
            0.400000  0.400000  0.400000
   -3.721    0.110    5.326    5.326    8.128    9.866    9.866   14.316   15.508   15.508
   16.711   19.797
            0.390000  0.390000  0.390000
   -3.796    0.238    5.341    5.341    8.144    9.881    9.881   14.335   15.339   15.339
   16.542   20.023
            0.380000  0.380000  0.380000
   -3.873    0.372    5.357    5.357    8.163    9.896    9.896   14.355   15.175   15.175
   16.376   20.250
            0.370000  0.370000  0.370000
   -3.951    0.512    5.375    5.375    8.185    9.912    9.912   14.373   15.017   15.017
   16.214   20.475
            0.360000  0.360000  0.360000
   -4.029    0.657    5.395    5.395    8.208    9.927    9.927   14.387   14.859   14.859
   16.059   20.645
            0.350000  0.350000  0.350000
   -4.107    0.807    5.415    5.415    8.231    9.942    9.942   14.395   14.711   14.711
   15.912   20.519
            0.340000  0.340000  0.340000
   -4.184    0.961    5.438    5.438    8.256    9.957    9.957   14.392   14.571   14.571
   15.777   20.359
            0.330000  0.330000  0.330000
   -4.261    1.119    5.461    5.461    8.282    9.970    9.970   14.375   14.437   14.437
   15.658   20.173
            0.320000  0.320000  0.320000
   -4.336    1.280    5.486    5.486    8.309    9.981    9.981   14.310   14.310   14.339
   15.561   19.969
            0.310000  0.310000  0.310000
   -4.411    1.445    5.513    5.513    8.338    9.991    9.991   14.192   14.192   14.281
   15.489   19.753
            0.300000  0.300000  0.300000
   -4.484    1.614    5.540    5.540    8.367    9.997    9.997   14.080   14.080   14.198
   15.443   19.528
            0.290000  0.290000  0.290000
   -4.556    1.785    5.569    5.569    8.399   10.001   10.001   13.979   13.979   14.091
   15.422   19.301
            0.280000  0.280000  0.280000
   -4.625    1.959    5.599    5.599    8.432   10.001   10.001   13.886   13.886   13.966
   15.421   19.074
            0.270000  0.270000  0.270000
   -4.693    2.136    5.631    5.631    8.466    9.998    9.998   13.804   13.804   13.826
   15.436   18.848
            0.260000  0.260000  0.260000
   -4.759    2.315    5.663    5.663    8.501    9.990    9.990   13.675   13.732   13.732
   15.463   18.626
            0.250000  0.250000  0.250000
   -4.823    2.496    5.697    5.697    8.536    9.977    9.977   13.516   13.669   13.669
   15.495   18.409
            0.240000  0.240000  0.240000
   -4.885    2.679    5.732    5.732    8.573    9.959    9.959   13.351   13.618   13.618
   15.532   18.200
            0.230000  0.230000  0.230000
   -4.945    2.864    5.768    5.768    8.611    9.936    9.936   13.181   13.577   13.577
   15.570   18.001
            0.220000  0.220000  0.220000
   -5.002    3.051    5.804    5.804    8.649    9.909    9.909   13.008   13.547   13.547
   15.606   17.814
            0.210000  0.210000  0.210000
   -5.058    3.239    5.842    5.842    8.688    9.876    9.876   12.833   13.527   13.527
   15.636   17.643
            0.200000  0.200000  0.200000
   -5.110    3.428    5.880    5.880    8.726    9.838    9.838   12.655   13.517   13.517
   15.657   17.490
            0.190000  0.190000  0.190000
   -5.161    3.618    5.919    5.919    8.765    9.796    9.796   12.477   13.518   13.518
   15.665   17.361
            0.180000  0.180000  0.180000
   -5.209    3.810    5.959    5.959    8.804    9.753    9.753   12.298   13.533   13.533
   15.654   17.259
            0.170000  0.170000  0.170000
   -5.255    4.001    5.998    5.998    8.843    9.704    9.704   12.118   13.551   13.551
   15.623   17.187
            0.160000  0.160000  0.160000
   -5.298    4.193    6.038    6.038    8.880    9.652    9.652   11.939   13.577   13.577
   15.571   17.146
            0.150000  0.150000  0.150000
   -5.338    4.384    6.078    6.078    8.917    9.598    9.598   11.760   13.610   13.610
   15.500   17.132
            0.140000  0.140000  0.140000
   -5.377    4.575    6.118    6.118    8.952    9.543    9.543   11.582   13.649   13.649
   15.414   17.143
            0.130000  0.130000  0.130000
   -5.412    4.764    6.157    6.157    8.985    9.488    9.488   11.406   13.693   13.693
   15.319   17.172
            0.120000  0.120000  0.120000
   -5.445    4.951    6.196    6.196    9.016    9.433    9.433   11.233   13.742   13.742
   15.219   17.215
            0.110000  0.110000  0.110000
   -5.476    5.136    6.233    6.233    9.043    9.378    9.378   11.064   13.793   13.793
   15.117   17.267
            0.100000  0.100000  0.100000
   -5.503    5.317    6.269    6.269    9.067    9.325    9.325   10.901   13.854   13.854
   15.018   17.326
            0.090000  0.090000  0.090000
   -5.529    5.493    6.304    6.304    9.085    9.275    9.275   10.744   13.908   13.908
   14.923   17.387
            0.080000  0.080000  0.080000
   -5.551    5.663    6.336    6.336    9.098    9.228    9.228   10.597   13.964   13.964
   14.834   17.450
            0.070000  0.070000  0.070000
   -5.571    5.824    6.366    6.366    9.106    9.184    9.184   10.462   14.017   14.017
   14.753   17.511
            0.060000  0.060000  0.060000
   -5.588    5.975    6.393    6.393    9.104    9.144    9.144   10.341   14.066   14.066
   14.681   17.569
            0.050000  0.050000  0.050000
   -5.603    6.113    6.417    6.417    9.096    9.110    9.110   10.237   14.111   14.111
   14.618   17.621
            0.040000  0.040000  0.040000
   -5.615    6.234    6.437    6.437    9.080    9.080    9.081   10.151   14.151   14.151
   14.566   17.667
            0.030000  0.030000  0.030000
   -5.624    6.335    6.453    6.453    9.057    9.057    9.063   10.086   14.183   14.183
   14.525   17.705
            0.020000  0.020000  0.020000
   -5.631    6.410    6.464    6.464    9.040    9.040    9.045   10.040   14.207   14.207
   14.495   17.732
            0.010000  0.010000  0.010000
   -5.635    6.458    6.471    6.471    9.030    9.030    9.031   10.013   14.222   14.222
   14.477   17.749
            0.000000  0.000000  0.000000
   -5.636    6.474    6.474    6.474    9.026    9.026    9.026   10.004   14.227   14.227
   14.471   17.755
            0.020000  0.000000  0.000000
   -5.635    6.462    6.466    6.466    9.022    9.036    9.036   10.016   14.212   14.229
   14.479   17.758
            0.040000  0.000000  0.000000
   -5.629    6.427    6.442    6.442    9.009    9.067    9.067   10.050   14.167   14.235
   14.503   17.767
            0.060000  0.000000  0.000000
   -5.620    6.370    6.404    6.404    8.987    9.115    9.115   10.106   14.095   14.245
   14.543   17.783
            0.080000  0.000000  0.000000
   -5.608    6.293    6.353    6.353    8.956    9.182    9.182   10.180   14.001   14.259
   14.597   17.804
            0.100000  0.000000  0.000000
   -5.592    6.198    6.291    6.291    8.919    9.263    9.263   10.269   13.885   14.276
   14.666   17.832
            0.120000  0.000000  0.000000
   -5.572    6.089    6.221    6.221    8.874    9.358    9.358   10.371   13.758   14.298
   14.750   17.866
            0.140000  0.000000  0.000000
   -5.549    5.967    6.142    6.142    8.823    9.464    9.464   10.480   13.614   14.323
   14.846   17.906
            0.160000  0.000000  0.000000
   -5.523    5.834    6.059    6.059    8.766    9.580    9.580   10.594   13.476   14.353
   14.955   17.952
            0.180000  0.000000  0.000000
   -5.492    5.693    5.970    5.970    8.704    9.705    9.705   10.706   13.340   14.386
   15.075   18.005
            0.200000  0.000000  0.000000
   -5.459    5.543    5.879    5.879    8.639    9.836    9.836   10.811   13.214   14.420
   15.206   18.062
            0.220000  0.000000  0.000000
   -5.422    5.389    5.786    5.786    8.570    9.975    9.975   10.901   13.106   14.462
   15.347   18.127
            0.240000  0.000000  0.000000
   -5.381    5.229    5.691    5.691    8.499   10.119   10.119   10.969   13.024   14.507
   15.497   18.197
            0.260000  0.000000  0.000000
   -5.337    5.065    5.596    5.596    8.425   10.268   10.268   11.005   12.978   14.556
   15.656   18.273
            0.280000  0.000000  0.000000
   -5.289    4.898    5.500    5.500    8.349   10.420   10.420   11.003   12.974   14.607
   15.823   18.355
            0.300000  0.000000  0.000000
   -5.238    4.728    5.405    5.405    8.274   10.577   10.577   10.962   13.015   14.664
   15.997   18.443
            0.320000  0.000000  0.000000
   -5.183    4.556    5.311    5.311    8.198   10.737   10.737   10.885   13.096   14.725
   16.178   18.536
            0.340000  0.000000  0.000000
   -5.125    4.381    5.218    5.218    8.122   10.779   10.900   10.900   13.211   14.790
   16.364   18.635
            0.360000  0.000000  0.000000
   -5.063    4.205    5.126    5.126    8.047   10.653   11.066   11.066   13.352   14.858
   16.556   18.738
            0.380000  0.000000  0.000000
   -4.998    4.028    5.036    5.036    7.973   10.512   11.234   11.234   13.513   14.931
   16.753   18.846
            0.400000  0.000000  0.000000
   -4.930    3.849    4.948    4.948    7.899   10.362   11.404   11.404   13.688   15.007
   16.954   18.958
            0.420000  0.000000  0.000000
   -4.858    3.670    4.861    4.861    7.827   10.207   11.576   11.576   13.875   15.088
   17.159   19.074
            0.440000  0.000000  0.000000
   -4.783    3.490    4.777    4.777    7.757   10.049   11.750   11.750   14.070   15.172
   17.367   19.193
            0.460000  0.000000  0.000000
   -4.704    3.309    4.695    4.695    7.689    9.890   11.926   11.926   14.271   15.260
   17.578   19.314
            0.480000  0.000000  0.000000
   -4.622    3.128    4.616    4.616    7.624    9.733   12.104   12.104   14.479   15.352
   17.791   19.438
            0.500000  0.000000  0.000000
   -4.537    2.946    4.539    4.539    7.561    9.576   12.283   12.283   14.689   15.448
   18.005   19.559
            0.520000  0.000000  0.000000
   -4.448    2.764    4.464    4.464    7.500    9.422   12.462   12.462   14.902   15.548
   18.219   19.678
            0.540000  0.000000  0.000000
   -4.357    2.582    4.392    4.392    7.442    9.271   12.643   12.643   15.117   15.652
   18.433   19.787
            0.560000  0.000000  0.000000
   -4.262    2.399    4.323    4.323    7.387    9.124   12.825   12.825   15.334   15.759
   18.645   19.890
            0.580000  0.000000  0.000000
   -4.163    2.217    4.257    4.257    7.335    8.980   13.008   13.008   15.552   15.871
   18.855   19.980
            0.600000  0.000000  0.000000
   -4.062    2.035    4.193    4.193    7.286    8.841   13.192   13.192   15.770   15.986
   19.060   20.051
            0.620000  0.000000  0.000000
   -3.957    1.854    4.132    4.132    7.240    8.706   13.377   13.377   15.989   16.106
   19.260   20.097
            0.640000  0.000000  0.000000
   -3.849    1.672    4.075    4.075    7.198    8.576   13.563   13.563   16.207   16.220
   19.453   20.112
            0.660000  0.000000  0.000000
   -3.739    1.491    4.020    4.020    7.160    8.452   13.751   13.751   16.347   16.425
   19.637   20.097
            0.680000  0.000000  0.000000
   -3.625    1.311    3.968    3.968    7.124    8.332   13.939   13.939   16.478   16.641
   19.809   20.043
            0.700000  0.000000  0.000000
   -3.508    1.131    3.919    3.919    7.093    8.216   14.125   14.125   16.612   16.857
   19.949   19.949
            0.720000  0.000000  0.000000
   -3.388    0.952    3.873    3.873    7.065    8.107   14.315   14.315   16.750   17.071
   19.833   19.833
            0.740000  0.000000  0.000000
   -3.265    0.774    3.830    3.830    7.041    8.003   14.505   14.505   16.892   17.283
   19.695   19.695
            0.760000  0.000000  0.000000
   -3.139    0.596    3.791    3.791    7.022    7.904   14.696   14.696   17.038   17.493
   19.539   19.539
            0.780000  0.000000  0.000000
   -3.011    0.420    3.754    3.754    7.007    7.810   14.888   14.888   17.188   17.701
   19.378   19.378
            0.800000  0.000000  0.000000
   -2.879    0.245    3.721    3.721    6.995    7.722   15.080   15.080   17.342   17.906
   19.198   19.198
            0.820000  0.000000  0.000000
   -2.745    0.071    3.690    3.690    6.988    7.638   15.273   15.273   17.499   18.108
   19.011   19.011
            0.840000  0.000000  0.000000
   -2.608   -0.101    3.663    3.663    6.985    7.560   15.465   15.465   17.660   18.306
   18.820   18.820
            0.860000  0.000000  0.000000
   -2.468   -0.272    3.639    3.639    6.986    7.487   15.657   15.657   17.825   18.502
   18.627   18.627
            0.880000  0.000000  0.000000
   -2.326   -0.442    3.618    3.618    6.991    7.419   15.849   15.849   17.994   18.432
   18.432   18.693
            0.900000  0.000000  0.000000
   -2.182   -0.610    3.601    3.601    7.001    7.357   16.037   16.037   18.166   18.240
   18.240   18.880
            0.920000  0.000000  0.000000
   -2.034   -0.776    3.586    3.586    7.015    7.299   16.218   16.218   18.048   18.048
   18.339   19.061
            0.940000  0.000000  0.000000
   -1.885   -0.941    3.575    3.575    7.034    7.247   16.395   16.395   17.865   17.865
   18.519   19.238
            0.960000  0.000000  0.000000
   -1.733   -1.103    3.567    3.567    7.057    7.199   16.555   16.555   17.702   17.702
   18.702   19.408
            0.980000  0.000000  0.000000
   -1.579   -1.264    3.562    3.562    7.086    7.156   16.678   16.678   17.577   17.577
   18.890   19.278
            1.000000  0.000000  0.000000
   -1.422   -1.422    3.561    3.561    7.120    7.120   16.729   16.729   17.534   17.534
   19.088   19.088
            1.000000  0.005000  0.005000
   -1.422   -1.422    3.559    3.561    7.120    7.122   16.726   16.728   17.530   17.531
   19.091   19.091
            1.000000  0.010000  0.010000
   -1.423   -1.421    3.554    3.561    7.120    7.128   16.718   16.722   17.513   17.515
   19.094   19.094
            1.000000  0.015000  0.015000
   -1.423   -1.420    3.546    3.562    7.121    7.140   16.704   16.715   17.496   17.500
   19.108   19.108
            1.000000  0.020000  0.020000
   -1.424   -1.418    3.535    3.563    7.123    7.156   16.686   16.706   17.473   17.481
   19.127   19.128
            1.000000  0.025000  0.025000
   -1.424   -1.416    3.522    3.565    7.125    7.176   16.663   16.694   17.445   17.456
   19.152   19.152
            1.000000  0.030000  0.030000
   -1.425   -1.414    3.505    3.567    7.127    7.200   16.635   16.680   17.411   17.426
   19.181   19.181
            1.000000  0.035000  0.035000
   -1.427   -1.411    3.485    3.569    7.130    7.229   16.603   16.663   17.372   17.393
   19.214   19.215
            1.000000  0.040000  0.040000
   -1.428   -1.407    3.464    3.572    7.133    7.262   16.567   16.644   17.328   17.356
   19.250   19.253
            1.000000  0.045000  0.045000
   -1.429   -1.403    3.439    3.575    7.136    7.299   16.528   16.622   17.281   17.316
   19.289   19.295
            1.000000  0.050000  0.050000
   -1.431   -1.398    3.413    3.578    7.140    7.339   16.486   16.599   17.230   17.273
   19.331   19.341
            1.000000  0.055000  0.055000
   -1.433   -1.393    3.384    3.582    7.145    7.383   16.441   16.574   17.181   17.230
   19.380   19.395
            1.000000  0.060000  0.060000
   -1.435   -1.388    3.354    3.586    7.150    7.431   16.393   16.546   17.124   17.183
   19.426   19.447
            1.000000  0.065000  0.065000
   -1.438   -1.382    3.321    3.591    7.155    7.481   16.343   16.517   17.066   17.133
   19.474   19.501
            1.000000  0.070000  0.070000
   -1.440   -1.375    3.288    3.596    7.160    7.535   16.291   16.486   17.005   17.082
   19.524   19.557
            1.000000  0.075000  0.075000
   -1.443   -1.368    3.253    3.601    7.166    7.591   16.237   16.453   16.943   17.030
   19.575   19.616
            1.000000  0.080000  0.080000
   -1.446   -1.361    3.216    3.606    7.173    7.651   16.181   16.418   16.879   16.977
   19.627   19.676
            1.000000  0.085000  0.085000
   -1.450   -1.353    3.179    3.612    7.180    7.713   16.124   16.383   16.814   16.922
   19.680   19.739
            1.000000  0.090000  0.090000
   -1.454   -1.345    3.141    3.618    7.187    7.777   16.065   16.345   16.748   16.866
   19.734   19.802
            1.000000  0.095000  0.095000
   -1.458   -1.336    3.102    3.625    7.194    7.843   16.006   16.307   16.682   16.810
   19.788   19.868
            1.000000  0.100000  0.100000
   -1.462   -1.326    3.062    3.632    7.202    7.912   15.945   16.267   16.614   16.753
   19.843   19.934
            1.000000  0.105000  0.105000
   -1.467   -1.317    3.022    3.639    7.211    7.983   15.884   16.226   16.546   16.696
   19.899   20.002
            1.000000  0.110000  0.110000
   -1.472   -1.306    2.982    3.647    7.220    8.056   15.823   16.185   16.480   16.644
   19.958   20.071
            1.000000  0.115000  0.115000
   -1.477   -1.296    2.942    3.655    7.229    8.131   15.760   16.142   16.411   16.586
   20.014   20.141
            1.000000  0.120000  0.120000
   -1.483   -1.284    2.901    3.663    7.239    8.207   15.697   16.099   16.342   16.527
   20.070   20.211
            1.000000  0.125000  0.125000
   -1.489   -1.273    2.860    3.672    7.249    8.286   15.633   16.054   16.272   16.468
   20.127   20.282
            1.000000  0.130000  0.130000
   -1.496   -1.260    2.820    3.681    7.259    8.365   15.569   16.009   16.202   16.409
   20.183   20.353
            1.000000  0.135000  0.135000
   -1.503   -1.248    2.779    3.690    7.270    8.446   15.504   15.964   16.132   16.350
   20.240   20.425
            1.000000  0.140000  0.140000
   -1.511   -1.235    2.739    3.700    7.281    8.529   15.439   15.917   16.062   16.290
   20.297   20.496
            1.000000  0.145000  0.145000
   -1.519   -1.221    2.700    3.710    7.293    8.613   15.374   15.870   15.992   16.231
   20.354   20.539
            1.000000  0.150000  0.150000
   -1.527   -1.207    2.661    3.720    7.305    8.698   15.309   15.823   15.922   16.171
   20.410   20.583
            1.000000  0.155000  0.155000
   -1.537   -1.192    2.622    3.731    7.317    8.784   15.244   15.775   15.852   16.112
   20.467   20.628
            1.000000  0.160000  0.160000
   -1.546   -1.177    2.584    3.742    7.330    8.872   15.177   15.727   15.782   16.050
   20.521   20.672
            1.000000  0.165000  0.165000
   -1.557   -1.162    2.547    3.753    7.343    8.960   15.112   15.678   15.712   15.991
   20.578   20.717
            1.000000  0.170000  0.170000
   -1.567   -1.146    2.510    3.765    7.357    9.050   15.046   15.629   15.643   15.932
   20.634   20.762
            1.000000  0.175000  0.175000
   -1.579   -1.129    2.474    3.777    7.371    9.141   14.980   15.573   15.580   15.872
   20.690   20.806
            1.000000  0.180000  0.180000
   -1.591   -1.112    2.439    3.790    7.385    9.233   14.915   15.504   15.530   15.813
   20.746   20.851
            1.000000  0.185000  0.185000
   -1.604   -1.095    2.405    3.802    7.400    9.325   14.849   15.435   15.480   15.755
   20.801   20.896
            1.000000  0.190000  0.190000
   -1.617   -1.077    2.372    3.815    7.415    9.419   14.784   15.366   15.430   15.696
   20.857   20.941
            1.000000  0.195000  0.195000
   -1.631   -1.058    2.340    3.829    7.431    9.514   14.719   15.299   15.380   15.639
   20.915   20.985
            1.000000  0.200000  0.200000
   -1.646   -1.039    2.309    3.842    7.447    9.609   14.653   15.231   15.330   15.581
   20.970   21.029
            1.000000  0.205000  0.205000
   -1.661   -1.020    2.279    3.856    7.463    9.705   14.588   15.163   15.279   15.523
   21.025   21.073
            1.000000  0.210000  0.210000
   -1.678   -1.000    2.251    3.871    7.479    9.802   14.523   15.095   15.229   15.465
   21.079   21.116
            1.000000  0.215000  0.215000
   -1.695   -0.980    2.223    3.885    7.496    9.899   14.459   15.028   15.178   15.407
   21.134   21.158
            1.000000  0.220000  0.220000
   -1.712   -0.959    2.197    3.900    7.514    9.998   14.394   14.961   15.128   15.350
   21.187   21.199
            1.000000  0.225000  0.225000
   -1.731   -0.938    2.172    3.915    7.531   10.096   14.330   14.895   15.077   15.293
   21.239   21.241
            1.000000  0.230000  0.230000
   -1.750   -0.916    2.148    3.931    7.549   10.196   14.266   14.829   15.026   15.237
   21.278   21.294
            1.000000  0.235000  0.235000
   -1.770   -0.894    2.125    3.947    7.568   10.296   14.202   14.763   14.976   15.181
   21.315   21.348
            1.000000  0.240000  0.240000
   -1.791   -0.871    2.104    3.963    7.587   10.397   14.138   14.698   14.925   15.125
   21.349   21.400
            1.000000  0.245000  0.245000
   -1.812   -0.848    2.084    3.980    7.606   10.498   14.075   14.634   14.875   15.070
   21.381   21.453
            1.000000  0.250000  0.250000
   -1.834   -0.825    2.065    3.996    7.625   10.600   14.011   14.569   14.824   15.014
   21.408   21.505
            0.980000  0.245000  0.245000
   -1.827   -0.835    2.089    3.981    7.607   10.500   14.043   14.525   14.983   15.104
   21.360   21.364
            0.960000  0.240000  0.240000
   -1.850   -0.817    2.124    3.969    7.594   10.405   14.021   14.405   15.214   15.254
   21.118   21.269
            0.940000  0.235000  0.235000
   -1.904   -0.770    2.170    3.960    7.586   10.316   13.965   14.274   15.446   15.458
   20.842   21.142
            0.920000  0.230000  0.230000
   -1.981   -0.698    2.224    3.955    7.582   10.230   13.889   14.140   15.663   15.703
   20.553   20.981
            0.900000  0.225000  0.225000
   -2.076   -0.609    2.287    3.953    7.583   10.151   13.804   14.006   15.897   15.948
   20.265   20.789
            0.880000  0.220000  0.220000
   -2.184   -0.506    2.358    3.954    7.588   10.076   13.713   13.871   16.138   16.189
   19.977   20.572
            0.860000  0.215000  0.215000
   -2.300   -0.393    2.435    3.958    7.598   10.007   13.619   13.735   16.391   16.426
   19.691   20.334
            0.840000  0.210000  0.210000
   -2.421   -0.273    2.518    3.967    7.611    9.945   13.525   13.601   16.650   16.655
   19.410   20.084
            0.820000  0.205000  0.205000
   -2.546   -0.145    2.607    3.978    7.629    9.889   13.430   13.466   16.877   16.914
   19.133   19.824
            0.800000  0.200000  0.200000
   -2.672   -0.013    2.701    3.993    7.650    9.839   13.332   13.336   17.084   17.180
   18.862   19.558
            0.780000  0.195000  0.195000
   -2.800    0.124    2.799    4.011    7.675    9.796   13.199   13.241   17.275   17.446
   18.599   19.289
            0.760000  0.190000  0.190000
   -2.927    0.265    2.901    4.033    7.703    9.760   13.066   13.147   17.442   17.700
   18.357   19.017
            0.740000  0.185000  0.185000
   -3.054    0.410    3.007    4.059    7.733    9.732   12.934   13.054   17.585   17.877
   18.206   18.745
            0.720000  0.180000  0.180000
   -3.180    0.559    3.116    4.087    7.766    9.712   12.803   12.960   17.691   17.753
   18.353   18.476
            0.700000  0.175000  0.175000
   -3.304    0.710    3.228    4.119    7.801    9.700   12.672   12.866   17.522   17.751
   18.216   18.603
            0.680000  0.170000  0.170000
   -3.426    0.865    3.342    4.155    7.837    9.698   12.542   12.772   17.290   17.730
   18.007   18.869
            0.660000  0.165000  0.165000
   -3.547    1.023    3.458    4.194    7.874    9.705   12.414   12.678   17.061   17.555
   17.919   19.131
            0.640000  0.160000  0.160000
   -3.665    1.184    3.576    4.236    7.912    9.722   12.285   12.583   16.837   17.304
   17.880   19.382
            0.620000  0.155000  0.155000
   -3.780    1.347    3.695    4.281    7.950    9.748   12.157   12.486   16.620   17.037
   17.837   19.618
            0.600000  0.150000  0.150000
   -3.893    1.513    3.815    4.330    7.987    9.785   12.031   12.388   16.412   16.765
   17.784   19.828
            0.580000  0.145000  0.145000
   -4.003    1.682    3.936    4.383    8.024    9.833   11.905   12.288   16.214   16.494
   17.721   20.000
            0.560000  0.140000  0.140000
   -4.110    1.853    4.058    4.438    8.061    9.890   11.782   12.185   16.023   16.222
   17.651   19.826
            0.540000  0.135000  0.135000
   -4.213    2.027    4.179    4.497    8.097    9.956   11.660   12.079   15.842   15.953
   17.573   19.621
            0.520000  0.130000  0.130000
   -4.314    2.203    4.301    4.559    8.132   10.031   11.541   11.970   15.672   15.685
   17.492   19.411
            0.500000  0.125000  0.125000
   -4.411    2.381    4.422    4.624    8.167   10.113   11.426   11.856   15.419   15.512
   17.405   19.201
            0.480000  0.120000  0.120000
   -4.505    2.562    4.543    4.692    8.202   10.200   11.315   11.740   15.157   15.362
   17.313   18.996
            0.460000  0.115000  0.115000
   -4.595    2.745    4.663    4.763    8.236   10.288   11.213   11.619   14.900   15.227
   17.214   18.801
            0.440000  0.110000  0.110000
   -4.682    2.930    4.782    4.836    8.271   10.370   11.124   11.494   14.646   15.100
   17.107   18.617
            0.420000  0.105000  0.105000
   -4.766    3.116    4.900    4.913    8.307   10.435   11.059   11.365   14.399   14.984
   16.991   18.451
            0.400000  0.100000  0.100000
   -4.846    3.305    4.992    5.016    8.343   10.464   11.034   11.233   14.158   14.878
   16.864   18.302
            0.380000  0.095000  0.095000
   -4.922    3.495    5.074    5.130    8.380   10.447   11.058   11.098   13.928   14.784
   16.726   18.172
            0.360000  0.090000  0.090000
   -4.994    3.686    5.158    5.242    8.419   10.390   10.960   11.119   13.712   14.699
   16.577   18.063
            0.340000  0.085000  0.085000
   -5.063    3.879    5.244    5.352    8.458   10.312   10.819   11.195   13.513   14.623
   16.420   17.973
            0.320000  0.080000  0.080000
   -5.128    4.072    5.333    5.459    8.499   10.222   10.677   11.269   13.340   14.557
   16.256   17.899
            0.300000  0.075000  0.075000
   -5.189    4.266    5.422    5.563    8.542   10.128   10.536   11.323   13.201   14.499
   16.089   17.842
            0.280000  0.070000  0.070000
   -5.246    4.460    5.513    5.663    8.584   10.032   10.392   11.345   13.107   14.449
   15.920   17.797
            0.260000  0.065000  0.065000
   -5.300    4.654    5.605    5.760    8.628    9.936   10.250   11.325   13.068   14.409
   15.753   17.763
            0.240000  0.060000  0.060000
   -5.349    4.847    5.698    5.853    8.673    9.841   10.110   11.259   13.081   14.372
   15.590   17.739
            0.220000  0.055000  0.055000
   -5.395    5.038    5.790    5.942    8.716    9.747    9.972   11.156   13.141   14.341
   15.432   17.723
            0.200000  0.050000  0.050000
   -5.437    5.227    5.881    6.025    8.760    9.656    9.837   11.026   13.235   14.315
   15.282   17.714
            0.180000  0.045000  0.045000
   -5.475    5.411    5.971    6.104    8.802    9.566    9.707   10.882   13.351   14.293
   15.140   17.710
            0.160000  0.040000  0.040000
   -5.508    5.590    6.058    6.176    8.844    9.481    9.585   10.732   13.481   14.276
   15.009   17.711
            0.140000  0.035000  0.035000
   -5.538    5.763    6.141    6.242    8.882    9.397    9.469   10.584   13.619   14.263
   14.889   17.715
            0.120000  0.030000  0.030000
   -5.564    5.925    6.219    6.301    8.918    9.318    9.362   10.445   13.757   14.252
   14.782   17.721
            0.100000  0.025000  0.025000
   -5.586    6.074    6.290    6.352    8.949    9.244    9.267   10.318   13.883   14.244
   14.690   17.730
            0.080000  0.020000  0.020000
   -5.604    6.207    6.352    6.395    8.976    9.175    9.185   10.209   13.998   14.237
   14.613   17.737
            0.060000  0.015000  0.015000
   -5.618    6.318    6.404    6.429    8.998    9.115    9.117   10.121   14.094   14.233
   14.551   17.744
            0.040000  0.010000  0.010000
   -5.628    6.402    6.442    6.454    9.013    9.067    9.068   10.057   14.166   14.230
   14.507   17.750
            0.020000  0.005000  0.005000
   -5.634    6.455    6.466    6.469    9.023    9.037    9.037   10.018   14.212   14.228
   14.480   17.754
            0.000000  0.000000  0.000000
   -5.636    6.474    6.474    6.474    9.026    9.026    9.026   10.004   14.227   14.227
   14.471   17.755
